-------------------------
right turn :1
location : 23.54971776 , 87.29930055
-------------------------
X=-10.454117 Y=0.9177551 Z= 21.03627speed = 26.2439998626709 ,23.54971776 , 87.29930055
X=-10.208801 Y=5.01651 Z= 14.923874speed = 26.2439998626709 ,23.54964992 , 87.29942417
X=-11.161545 Y=5.544586 Z= 9.897079speed = 26.603999519348147 ,23.54957831 , 87.29953434
X=-14.750183 Y=-5.877289 Z= 18.89064speed = 26.31599979400635 ,23.5492738 , 87.30002824
X=-11.786194 Y=1.4013062 Z= 8.340393speed = 26.1 ,23.54919912 , 87.30014329
